    0.1000    0.1000

   -0.5478   -0.5589   -0.5444   -0.5507   -0.5604

    0.1000    0.3000

   -0.5579   -0.5573   -0.5512   -0.5501   -0.5508

    0.1000    0.5000

   -0.5415   -0.5495   -0.5452   -0.5399   -0.5490

    0.1000    0.7000

   -0.5472   -0.5560   -0.5548   -0.5497   -0.5466

    0.1000    0.9000

   -0.5395   -0.5560   -0.5563   -0.5590   -0.5618

    0.3000    0.1000

   -0.5587   -0.5593   -0.5535   -0.5509   -0.5629

    0.3000    0.3000

   -0.5532   -0.5510   -0.5448   -0.5531   -0.5512

    0.3000    0.5000

   -0.5565   -0.5593   -0.5528   -0.5495   -0.5519

    0.3000    0.7000

   -0.5526   -0.5576   -0.5609   -0.5559   -0.5615

    0.3000    0.9000

   -0.5380   -0.5474   -0.5447   -0.5489   -0.5463

    0.5000    0.1000

   -0.5618   -0.5542   -0.5508   -0.5607   -0.5557

    0.5000    0.3000

   -0.5545   -0.5497   -0.5604   -0.5501   -0.5487

    0.5000    0.5000

   -0.5427   -0.5452   -0.5569   -0.5511   -0.5494

    0.5000    0.7000

   -0.5469   -0.5473   -0.5616   -0.5524   -0.5498

    0.5000    0.9000

   -0.5491   -0.5374   -0.5481   -0.5428   -0.5517

    0.7000    0.1000

   -0.5555   -0.5413   -0.5509   -0.5385   -0.5492

    0.7000    0.3000

   -0.5535   -0.5551   -0.5603   -0.5435   -0.5419

    0.7000    0.5000

   -0.5516   -0.5498   -0.5447   -0.5559   -0.5538

    0.7000    0.7000

   -0.5504   -0.5452   -0.5551   -0.5449   -0.5536

    0.7000    0.9000

   -0.5398   -0.5525   -0.5526   -0.5539   -0.5495

    0.9000    0.1000

   -0.5397   -0.5498   -0.5502   -0.5520   -0.5511

    0.9000    0.3000

   -0.5499   -0.5579   -0.5482   -0.5442   -0.5483

    0.9000    0.5000

   -0.5459   -0.5563   -0.5462   -0.5444   -0.5492

    0.9000    0.7000

   -0.5608   -0.5480   -0.5528   -0.5565   -0.5593

    0.9000    0.9000

   -0.5562   -0.5355   -0.5494   -0.5563   -0.5504
